image: /home/yiwei/eece5550_ws/src/booster2/map/collapsed_house.pgm
resolution: 0.050000
origin: [-10.000000, -10.000000, 0.000000]
negate: 0
occupied_thresh: 0.65
free_thresh: 0.196

